{
 "templeR0033": [
  [
   1.0,
   0.0,
   0.0,
   0.0
  ],
  [
   0.0,
   1.0,
   0.0,
   0.0
  ],
  [
   0.0,
   0.0,
   1.0,
   0.0
  ]
 ],
 "templeR0034": [
  [
   0.9998610439573726,
   0.0158759394919912,
   0.005084026132855624,
   -0.03704852723964792
  ],
  [
   -0.016395747755210095,
   0.9916590629565736,
   0.12784162980671654,
   -0.9981116966764114
  ],
  [
   -0.0030120146115855642,
   -0.12790722184981154,
   0.9917815638368374,
   0.048994362809490495
  ]
 ],
 "templeR0032": [
  [
   0.9999143460200375,
   -0.011096005113130924,
   -0.006941130588752915,
   0.05175781334614414
  ],
  [
   0.01046900162277455,
   0.9963568598283156,
   -0.08463691793821762,
   0.6594388091203136
  ],
  [
   0.007854974751270232,
   0.08455700174194691,
   0.996387681993344,
   0.03692464200982786
  ]
 ],
 "templeR0047": [
  [
   0.9998040470091254,
   -0.014758547965655948,
   0.013192908933210961,
   -0.10041478548417752
  ],
  [
   0.01640606519346524,
   0.9907052558847872,
   -0.1350330958955106,
   1.0505421236319927
  ],
  [
   -0.011077391797816543,
   0.1352230794805525,
   0.9907532539269067,
   0.08097959243886353
  ]
 ],
 "templeR0035": [
  [
   0.9994573740015922,
   0.032700897736961165,
   0.003950802581553078,
   -0.028573008265536267
  ],
  [
   -0.03263915826798261,
   0.9670798009188608,
   0.25237144054407984,
   -1.972537830209029
  ],
  [
   0.004432031294923469,
   -0.2523634481099299,
   0.9676223680530889,
   0.22742663249653894
  ]
 ],
 "templeR0036": [
  [
   0.9987925677545612,
   0.047594280306246524,
   0.012173375882673941,
   -0.09002367295807401
  ],
  [
   -0.048682531890562104,
   0.9256623019948121,
   0.37520569525846703,
   -2.9345237138562044
  ],
  [
   0.006589209890027509,
   -0.37534529056296373,
   0.9268616375518136,
   0.5417508559443647
  ]
 ],
 "templeR0046": [
  [
   0.9994763886648137,
   -0.03171551505280455,
   0.006408947376719296,
   -0.05224107378430733
  ],
  [
   0.032295840516925786,
   0.9657038482094324,
   -0.25762968819373055,
   2.003231298542788
  ],
  [
   0.0019817131092880243,
   0.25770177271107175,
   0.9662224739441345,
   0.29115036236861414
  ]
 ],
 "templeR0045": [
  [
   0.9986870222445704,
   -0.05119904717434893,
   -0.0016997554858583924,
   0.006133849906441846
  ],
  [
   0.0466664075581515,
   0.9229575674474809,
   -0.3820622659947527,
   2.9664161232004322
  ],
  [
   0.021130026168687366,
   0.3814813052560603,
   0.9241350202942442,
   0.6136975564254789
  ]
 ],
 "templeR0044": [
  [
   0.9977868238108788,
   -0.06639548525510403,
   0.003618531074568986,
   -0.036141855654144066
  ],
  [
   0.05938607810193797,
   0.8653266705107852,
   -0.49767765373823003,
   3.8610511237365555
  ],
  [
   0.029912337873674838,
   0.4967910957741275,
   0.8673545176007748,
   1.0676367967641958
  ]
 ],
 "templeR0037": [
  [
   0.9979223768819603,
   0.06158988033905886,
   0.01891074715813882,
   -0.14161431056826654
  ],
  [
   -0.06286179418601927,
   0.8664613543426694,
   0.4952707504611813,
   -3.87394358047219
  ],
  [
   0.014118234662067283,
   -0.4954305279960931,
   0.8685328245838145,
   0.9775215535406189
  ]
 ],
 "templeR0038": [
  [
   0.9967263716564595,
   0.0763663852937216,
   0.02654647324448496,
   -0.20067404890396284
  ],
  [
   -0.07686465375963587,
   0.7932658412732206,
   0.6040042467330018,
   -4.727097841658631
  ],
  [
   0.025067210593933083,
   -0.6040674467857545,
   0.796538859495743,
   1.532928789093683
  ]
 ],
 "templeR0043": [
  [
   0.9965799801309551,
   -0.08224128476201001,
   0.008044518809672132,
   -0.07288900113843624
  ],
  [
   0.07033982808639891,
   0.7931925693404323,
   -0.6048949136237626,
   4.688838372805929
  ],
  [
   0.04336648229867204,
   0.6033920110705951,
   0.7962646728250736,
   1.6383603701852465
  ]
 ],
 "templeR0039": [
  [
   0.9954433662519975,
   0.08715712765281719,
   0.038679964894011466,
   -0.293212478504456
  ],
  [
   -0.08908550999207948,
   0.7053921542463311,
   0.7031967581247595,
   -5.506113291938992
  ],
  [
   0.034004065850167665,
   -0.7034383724442611,
   0.709942377717112,
   2.2027774414205954
  ]
 ],
 "templeR0042": [
  [
   0.9955710512462332,
   -0.09205132080971572,
   0.01910068736084595,
   -0.15907900023835922
  ],
  [
   0.07874575175008756,
   0.705524111261294,
   -0.7042974052275607,
   5.453970465776854
  ],
  [
   0.05135551091931188,
   0.70268220609757,
   0.7096480315847205,
   2.3246276564532664
  ]
 ],
 "templeR0013": [
  [
   -0.993585205197229,
   0.112532209805457,
   -0.011177735436165147,
   0.22921265952869754
  ],
  [
   -0.08387271095930232,
   -0.6670056564167508,
   0.7403167042991783,
   -5.892905984048188
  ],
  [
   0.07585386192882745,
   0.7365052315254523,
   0.6721653335051749,
   2.6044730811024737
  ]
 ],
 "templeR0014": [
  [
   -0.9919767809644358,
   0.12436395469169347,
   -0.022708430172039586,
   0.31922313886353926
  ],
  [
   -0.08926237904386881,
   -0.5618196721573985,
   0.8224298654988049,
   -6.521014064373048
  ],
  [
   0.08952258773552443,
   0.8178583390480261,
   0.5684130923322755,
   3.4221414690285883
  ]
 ],
 "templeR0015": [
  [
   -0.9903185580414757,
   0.13384797201964013,
   -0.03679502663244032,
   0.429956212502364
  ],
  [
   -0.0934291246224022,
   -0.4466547589508506,
   0.8898148824215345,
   -7.033699798824656
  ],
  [
   0.10266524373391415,
   0.8846379184122662,
   0.4548357956848481,
   4.308838536857665
  ]
 ],
 "templeR0016": [
  [
   -0.9887903118360245,
   0.13939305058496718,
   -0.05350978104827475,
   0.5597088713828838
  ],
  [
   -0.09644965779697491,
   -0.32272407897366506,
   0.9415660531059128,
   -7.424165510612969
  ],
  [
   0.11397886966479337,
   0.9361723913357075,
   0.33255085471356116,
   5.263536216981667
  ]
 ],
 "templeR0017": [
  [
   -0.98758379263008,
   0.13993226973442405,
   -0.07139476466352053,
   0.6969823033160623
  ],
  [
   -0.0976541159942021,
   -0.19085583035134845,
   0.976748547810688,
   -7.6845057656408775
  ],
  [
   0.12305253416235688,
   0.9715930279226325,
   0.2021510868839249,
   6.284982325401716
  ]
 ],
 "templeR0018": [
  [
   -0.9835934663818129,
   0.15698053681766483,
   -0.08888759166187045,
   0.8370435505619198
  ],
  [
   -0.095284266742842,
   -0.033688929167563386,
   0.9948798744385283,
   -7.801445956405669
  ],
  [
   0.15318224897907912,
   0.9870269333265334,
   0.04809398596218395,
   7.476590801159778
  ]
 ],
 "templeR0019": [
  [
   -0.9787843236490824,
   0.17225047311536867,
   -0.11095504625901353,
   1.0158371279101923
  ],
  [
   -0.09005658062726755,
   0.12474816954357015,
   0.9880929644933484,
   -7.724688243738345
  ],
  [
   0.18404091953838048,
   0.977122136023466,
   -0.10658926413296488,
   8.662663506165327
  ]
 ],
 "templeR0020": [
  [
   -0.9777562726393907,
   0.1647815886366111,
   -0.12976786721187988,
   1.1602390340057576
  ],
  [
   -0.0847773241447379,
   0.25542077972290045,
   0.9631059290631556,
   -7.519738608007124
  ],
  [
   0.19184753484260214,
   0.9526842358998813,
   -0.2357695273835787,
   9.675286931479167
  ]
 ],
 "templeR0021": [
  [
   -0.9759702023777678,
   0.15834165978271547,
   -0.1496999761120678,
   1.3142423521936637
  ],
  [
   -0.07774462765522508,
   0.3887562958840073,
   0.9180546363268889,
   -7.156033039420417
  ],
  [
   0.20356310309446873,
   0.9076323381126306,
   -0.3671043473874287,
   10.68520638304682
  ]
 ],
 "templeR0022": [
  [
   -0.9749015238133658,
   0.14680447791399157,
   -0.1673782068573382,
   1.4487864826285708
  ],
  [
   -0.07174900863061315,
   0.5045219631506968,
   0.8604124990137529,
   -6.699553252644991
  ],
  [
   0.21075838922069443,
   0.8508266768049575,
   -0.48132615492006126,
   11.571661439607864
  ]
 ],
 "templeR0023": [
  [
   -0.9742134585545064,
   0.13264769655221917,
   -0.18251774097511045,
   1.5642966569289478
  ],
  [
   -0.06403895376407767,
   0.6131056685230001,
   0.7874010741837786,
   -6.124209127073996
  ],
  [
   0.216349600351074,
   0.7787849689255414,
   -0.5888011740847452,
   12.402279512848036
  ]
 ],
 "templeR0024": [
  [
   -0.9731882264737899,
   0.11898217594724529,
   -0.1968449076294792,
   1.6727616899247857
  ],
  [
   -0.0549146724659957,
   0.7108694174674051,
   0.7011769035396873,
   -5.44665805927355
  ],
  [
   0.22335857852509683,
   0.693186780829244,
   -0.685275880418126,
   13.141842452863393
  ]
 ],
 "templeR0025": [
  [
   -0.97317098655673,
   0.10233807457305238,
   -0.20607073886624797,
   1.7418740280281075
  ],
  [
   -0.044020367252911675,
   0.7962757388364068,
   0.6033300547854823,
   -4.680186397939647
  ],
  [
   0.22583276598208632,
   0.5962146142398848,
   -0.7704074867079536,
   13.793941446115403
  ]
 ],
 "templeR0026": [
  [
   -0.9713852580424372,
   0.08991098740711415,
   -0.21983333414499573,
   1.8486990605248517
  ],
  [
   -0.03220021194730939,
   0.867177781394609,
   0.4969565793971064,
   -3.849524401019007
  ],
  [
   0.23531643973249283,
   0.48981497506609767,
   -0.8394685600977694,
   14.321390204976638
  ]
 ],
 "templeR0027": [
  [
   -0.9712555943193192,
   0.07313528961806581,
   -0.22652549506823225,
   1.8979568187057272
  ],
  [
   -0.019948930169461424,
   0.923275831464975,
   0.383619315490961,
   -2.9667577279883095
  ],
  [
   0.23720162454865276,
   0.37711134754226255,
   -0.8952778456246635,
   14.73703240175297
  ]
 ],
 "templeR0028": [
  [
   -0.9722352046654968,
   0.05564595012843707,
   -0.22729327980242375,
   1.9033189992353998
  ],
  [
   -0.007772381888942546,
   0.9630998478071479,
   0.2690321044664001,
   -2.0765993080352008
  ],
  [
   0.2338766702533877,
   0.2633290933188945,
   -0.9359270760711206,
   15.027484773151226
  ]
 ],
 "templeR0029": [
  [
   -0.9734302151091857,
   0.04205158702451067,
   -0.22508949407114587,
   1.8837411627984018
  ],
  [
   0.0076208173640075726,
   0.9883976940442513,
   0.15169680797799112,
   -1.1689842323186752
  ],
  [
   0.22885702841553468,
   0.14595089049651966,
   -0.9624566473914988,
   15.217658201715711
  ]
 ],
 "templeR0001": [
  [
   -0.9734966634190064,
   0.0295680019037971,
   -0.22678178845638963,
   1.8942977466119666
  ],
  [
   0.022016759187326183,
   0.9991180165948218,
   0.03575543637707579,
   -0.2732434570783776
  ],
  [
   0.22763898749324313,
   0.029814797987658365,
   -0.9732890470944416,
   15.27587956060534
  ]
 ],
 "templeR0030": [
  [
   -0.9737536123557525,
   0.029346849428527003,
   -0.22570481796528458,
   1.8864011327520516
  ],
  [
   0.022343014232715338,
   0.999188150121521,
   0.03352357933948018,
   -0.2564948154196971
  ],
  [
   0.22650539097142824,
   0.02760078052072272,
   -0.9736187676783595,
   15.29773917372521
  ]
 ],
 "templeR0031": [
  [
   -0.9718533547712895,
   0.013503663456174708,
   -0.23519929398927295,
   1.9583467140822612
  ],
  [
   0.010443506626909523,
   0.9998438983921359,
   0.014251737344976069,
   -0.11480468960044199
  ],
  [
   0.23535502966608504,
   0.01139429336461285,
   -0.9718426724987936,
   15.192229242885919
  ]
 ],
 "templeR0002": [
  [
   -0.9722362320956196,
   0.0019620014188976133,
   -0.2339932895425522,
   1.9484794476689868
  ],
  [
   0.0025924249003780146,
   0.9999937915972188,
   -0.0023866504044778494,
   0.011419505831049852
  ],
  [
   0.23398715420648272,
   -0.002926998026910506,
   -0.9722352824028256,
   15.210917674661381
  ]
 ],
 "templeR0003": [
  [
   -0.9710434958423101,
   -0.02703454109959382,
   -0.23736820083970755,
   1.973147366469438
  ],
  [
   -0.018543298273694463,
   0.9991082199484783,
   -0.037932979325586196,
   0.2786752331978192
  ],
  [
   0.23818202130194077,
   -0.032432983503170386,
   -0.9706788481828605,
   15.168025883406196
  ]
 ],
 "templeR0004": [
  [
   -0.9691567247156797,
   -0.056667784478626984,
   -0.23984162512095375,
   1.9944979908919154
  ],
  [
   -0.0407046398909226,
   0.9966455102648967,
   -0.07099900816331209,
   0.5252360031203834
  ],
  [
   0.24306043534422983,
   -0.059046499228215275,
   -0.9682123401915335,
   15.18210881894777
  ]
 ],
 "templeR0005": [
  [
   -0.9668424281316066,
   -0.0747665587977979,
   -0.2441837030805182,
   2.0302314949252613
  ],
  [
   -0.054060873273607375,
   0.9944342271024796,
   -0.0904322395387261,
   0.6647603628603036
  ],
  [
   0.24958593939858512,
   -0.07423294182928496,
   -0.96550314820921,
   15.18335013756558
  ]
 ],
 "templeR0012": [
  [
   -0.9920771689782841,
   -0.11726319536642671,
   -0.04508030395292883,
   0.47186806775222934
  ],
  [
   0.10167614891644677,
   -0.5386824313583911,
   -0.836351121770834,
   6.393278044226544
  ],
  [
   0.0737892372474045,
   -0.8343084448561379,
   0.5463374115948659,
   3.4561726046563135
  ]
 ],
 "templeR0011": [
  [
   -0.9902898888764119,
   -0.1259942032936818,
   -0.05874858913654167,
   0.5779717066444673
  ],
  [
   0.10734354564761424,
   -0.42449206213888124,
   -0.8990460791243563,
   6.891703021083578
  ],
  [
   0.08833628471326128,
   -0.896622523650544,
   0.43389486155702117,
   4.3162536439261645
  ]
 ],
 "templeR0010": [
  [
   -0.9883785263275588,
   -0.13341253541985484,
   -0.07286277573225618,
   0.6886173124877413
  ],
  [
   0.11081500996161062,
   -0.3042421770702527,
   -0.9461272278392379,
   7.269399004185665
  ],
  [
   0.1040573027796282,
   -0.9432061243887251,
   0.31549054606093974,
   5.239949943264823
  ]
 ],
 "templeR0009": [
  [
   -0.9865761989807569,
   -0.1376262806784041,
   -0.08790000268095043,
   0.8059209894340196
  ],
  [
   0.11181071065976693,
   -0.17698251721897285,
   -0.977842294841348,
   7.526406299122043
  ],
  [
   0.11902003439102106,
   -0.9745440962139501,
   0.1899948313720533,
   6.211305995770276
  ]
 ],
 "templeR0008": [
  [
   -0.9849403750721909,
   -0.13646912083752594,
   -0.10615383464804604,
   0.94689030037549
  ],
  [
   0.11323340302441566,
   -0.045183633790687905,
   -0.9925404957365617,
   7.648219970148378
  ],
  [
   0.13065471285859614,
   -0.9896133680863967,
   0.05995604817310829,
   7.216230142629735
  ]
 ],
 "templeR0007": [
  [
   -0.9828507908580254,
   -0.13647203710043904,
   -0.12401494264567582,
   1.0867130758193422
  ],
  [
   0.11282007665390772,
   0.08694254640323329,
   -0.9898043361840401,
   7.6339817850944796
  ],
  [
   0.14586278899554972,
   -0.9868213499487017,
   -0.07005476480484185,
   8.229147315873234
  ]
 ],
 "templeR0006": [
  [
   -0.9832844122338237,
   -0.12231943607330206,
   -0.13486927083918376,
   1.1670722577494874
  ],
  [
   0.10684490438706043,
   0.2121509038443422,
   -0.971378484631273,
   7.4988442289380135
  ],
  [
   0.14743110616319627,
   -0.9695514166648087,
   -0.1955354683395275,
   9.160631182163751
  ]
 ],
 "templeR0040": [
  [
   0.9848168712656831,
   0.10760075842557805,
   0.13622704157659388,
   -1.0534186111794368
  ],
  [
   -0.10380660981476829,
   -0.26395711933703236,
   0.9589321284168446,
   -7.565888087902899
  ],
  [
   0.13913992176667017,
   -0.9585138058147811,
   -0.24877975446814168,
   9.608993743581927
  ]
 ],
 "templeR0041": [
  [
   0.9856975648488033,
   0.0927026147934652,
   0.14073569505137534,
   -1.0867167908287971
  ],
  [
   -0.09455069152007387,
   -0.38707358454765867,
   0.9171882069011259,
   -7.2472124002981735
  ],
  [
   0.13950081499480615,
   -0.9173768393391459,
   -0.3727723933714833,
   10.568488926265461
  ]
 ]
}